EVALUATION RESULTS for conferenceiasted:  2013/02/25 09:50:21
PRECISION: 0.7142857142857143
RECALL: 0.35714285714285715
