EVALUATION RESULTS for 101204:  2012/10/26 18:39:55
PRECISION: 0.967741935483871
RECALL: 0.6185567010309279
