EVALUATION RESULTS for 301304:  2012/07/10 21:03:36
PRECISION: 0.6666666666666666
RECALL: 0.2727272727272727
