EVALUATION RESULTS for ababirnlex:  2012/10/16 10:02:17
PRECISION: 0.9764705882352941
RECALL: 0.8924731182795699
