EVALUATION RESULTS for 101204:  2012/10/21 22:12:17
PRECISION: 0.9696969696969697
RECALL: 0.32989690721649484
